Vertex Count: 138

Data:

2.3617 6.12766 -1.53191 0.625 0.75 0 0 -1
2.3617 4.52386 -1.53191 0.625 0.815433 0 0 -1
-1.17021 4.52386 -1.53191 0.375 0.815433 0 0 -1
1.69226 8.24816 0.261438 0.625 0.5 0 1 -0
1.69226 8.24816 -1.1125 0.625 0.75 0 1 -0
-0.500765 8.24816 -1.1125 0.375 0.75 0 1 -0
2.3617 4.52386 0.680851 0.625 0.434567 0 0 1
2.3617 6.12766 0.680851 0.625 0.5 0 0 1
-1.17021 6.12766 0.680851 0.375 0.5 0 0 1
0.752848 -1.61902 -1.53191 0.625 0 0 -1 -0
0.752848 -1.61902 0.680851 0.625 0.25 0 -1 -0
0.438642 -1.61902 0.680851 0.375 0.25 0 -1 -0
4.57477 3.32566 0.680851 0.875 0.75 1 0 -0
4.57477 1.72186 0.680851 0.875 0.815433 1 0 -0
4.57477 1.72186 -1.53191 0.625 0.815433 1 0 -0
-3.38328 3.32566 -1.53191 0.375 0.75 -1 0 -0
-3.38328 1.72186 -1.53191 0.375 0.815433 -1 0 -0
-3.38328 1.72186 0.680851 0.125 0.815433 -1 0 -0
0.752848 -1.61902 0.680851 0.625 0.25 0 0 1
2.3617 -0 0.680851 0.625 0.25 0 0 1
-1.17021 -0 0.680851 0.375 0.25 0 0 1
0.752848 -7.88241 -2.10449 0.625 0 1e-006 -1 0
2.3617 -7.88241 -2.10449 0.625 0 1e-006 -1 0
2.3617 -7.88241 0.108276 0.625 0.25 1e-006 -1 0
0.438642 -1.61902 -1.53191 0.375 0 0 0 -1
-1.17021 -0 -1.53191 0.375 0 0 0 -1
2.3617 -0 -1.53191 0.625 0 0 0 -1
0.02047 -7.88241 0.108276 0.375 0.25 -1e-006 -1 1e-006
-1.17021 -7.88241 0.108276 0.375 0.25 -1e-006 -1 1e-006
-1.17021 -7.88241 -2.10449 0.375 0 -1e-006 -1 1e-006
2.3617 -4.26772 -1.61333 0.625 0 1 0 -0
2.3617 -0 -1.53191 0.625 0 1 0 -0
2.3617 -0 0.680851 0.625 0.25 1 0 -0
0.752848 -4.26772 -1.61333 0.625 0 -0.011841 0.023534 -0.999653
0.752848 -1.61902 -1.53191 0.625 0 -0.011841 0.023534 -0.999653
2.3617 -0 -1.53191 0.625 0 -0.011841 0.023534 -0.999653
1.17102 -4.26772 0.599438 0.625 0.25 -0.992277 -0.081211 0.093761
0.752848 -1.61902 0.680851 0.625 0.25 -0.992277 -0.081211 0.093761
0.752848 -1.61902 -1.53191 0.625 0 -0.992277 -0.081211 0.093761
2.3617 -4.26772 0.599438 0.625 0.25 0.01315 -0.022739 0.999655
2.3617 -0 0.680851 0.625 0.25 0.01315 -0.022739 0.999655
0.752848 -1.61902 0.680851 0.625 0.25 0.01315 -0.022739 0.999655
-1.17021 -4.26772 0.599438 0.375 0.25 -1 -0 -0
-1.17021 -0 0.680851 0.375 0.25 -1 -0 -0
-1.17021 -0 -1.53191 0.375 0 -1 -0 -0
0.02047 -4.26772 0.599438 0.375 0.25 -0.01315 -0.022739 0.999655
0.438642 -1.61902 0.680851 0.375 0.25 -0.01315 -0.022739 0.999655
-1.17021 -0 0.680851 0.375 0.25 -0.01315 -0.022739 0.999655
0.438642 -4.26772 -1.61333 0.375 0 0.992277 -0.081211 0.093761
0.438642 -1.61902 -1.53191 0.375 0 0.992277 -0.081211 0.093761
0.438642 -1.61902 0.680851 0.375 0.25 0.992277 -0.081211 0.093761
-1.17021 -4.26772 -1.61333 0.375 0 0.011841 0.023534 -0.999653
-1.17021 -0 -1.53191 0.375 0 0.011841 0.023534 -0.999653
0.438642 -1.61902 -1.53191 0.375 0 0.011841 0.023534 -0.999653
2.3617 -7.88241 -2.10449 0.625 0 1 0 -0
2.3617 -4.26772 -1.61333 0.625 0 1 0 -0
2.3617 -4.26772 0.599438 0.625 0.25 1 0 -0
0.752848 -7.88241 -2.10449 0.625 0 -0 0.134642 -0.990894
0.752848 -4.26772 -1.61333 0.625 0 -0 0.134642 -0.990894
2.3617 -4.26772 -1.61333 0.625 0 -0 0.134642 -0.990894
1.17102 -7.88241 0.108276 0.625 0.25 -0.982295 -0.025224 0.185636
1.17102 -4.26772 0.599438 0.625 0.25 -0.982295 -0.025224 0.185636
0.752848 -4.26772 -1.61333 0.625 0 -0.982295 -0.025224 0.185636
2.3617 -7.88241 0.108276 0.625 0.25 0 -0.134642 0.990894
2.3617 -4.26772 0.599438 0.625 0.25 0 -0.134642 0.990894
1.17102 -4.26772 0.599438 0.625 0.25 0 -0.134642 0.990894
-1.17021 -7.88241 0.108276 0.375 0.25 -1 0 -0
-1.17021 -4.26772 0.599438 0.375 0.25 -1 0 -0
-1.17021 -4.26772 -1.61333 0.375 0 -1 0 -0
0.02047 -7.88241 0.108276 0.375 0.25 -0 -0.134642 0.990894
0.02047 -4.26772 0.599438 0.375 0.25 -0 -0.134642 0.990894
-1.17021 -4.26772 0.599438 0.375 0.25 -0 -0.134642 0.990894
0.438642 -7.88241 -2.10449 0.375 0 0.982295 -0.025224 0.185636
0.438642 -4.26772 -1.61333 0.375 0 0.982295 -0.025224 0.185636
0.02047 -4.26772 0.599438 0.375 0.25 0.982295 -0.025224 0.185636
-1.17021 -7.88241 -2.10449 0.375 0 0 0.134642 -0.990894
-1.17021 -4.26772 -1.61333 0.375 0 0 0.134642 -0.990894
0.438642 -4.26772 -1.61333 0.375 0 0 0.134642 -0.990894
-1.17021 4.52386 -1.53191 0.375 0.815433 -1 0 -0
-1.17021 -0 -1.53191 0.375 1 -1 0 -0
-1.17021 -0 0.680851 0.125 1 -1 0 -0
2.3617 4.52386 -1.53191 0.625 0.815433 0 0 -1
2.3617 -0 -1.53191 0.625 1 0 0 -1
-1.17021 -0 -1.53191 0.375 1 0 0 -1
2.3617 4.52386 0.680851 0.875 0.815433 1 0 -0
2.3617 -0 0.680851 0.875 1 1 0 -0
2.3617 -0 -1.53191 0.625 1 1 0 -0
2.3617 -0 0.680851 0.625 0.25 0 0 1
2.3617 4.52386 0.680851 0.625 0.434567 0 0 1
-1.17021 4.52386 0.680851 0.375 0.434567 0 0 1
4.57477 1.72186 0.680851 0.875 0.815433 -0.784752 -0.61981 -0
2.3617 4.52386 0.680851 0.875 0.815433 -0.784752 -0.61981 -0
2.3617 4.52386 -1.53191 0.625 0.815433 -0.784752 -0.61981 -0
4.57477 3.32566 0.680851 0.875 0.75 0 0 1
2.3617 6.12766 0.680851 0.875 0.75 0 0 1
2.3617 4.52386 0.680851 0.875 0.815433 0 0 1
4.57477 3.32566 -1.53191 0.625 0.75 0.784752 0.61981 -0
2.3617 6.12766 -1.53191 0.625 0.75 0.784752 0.61981 -0
2.3617 6.12766 0.680851 0.875 0.75 0.784752 0.61981 -0
4.57477 1.72186 -1.53191 0.625 0.815433 -0 0 -1
2.3617 4.52386 -1.53191 0.625 0.815433 -0 0 -1
2.3617 6.12766 -1.53191 0.625 0.75 -0 0 -1
-3.38328 1.72186 -1.53191 0.375 0.815433 0.784752 -0.61981 -0
-1.17021 4.52386 -1.53191 0.375 0.815433 0.784752 -0.61981 -0
-1.17021 4.52386 0.680851 0.125 0.815433 0.784752 -0.61981 -0
-3.38328 3.32566 -1.53191 0.375 0.75 0 0 -1
-1.17021 6.12766 -1.53191 0.375 0.75 0 0 -1
-1.17021 4.52386 -1.53191 0.375 0.815433 0 0 -1
-3.38328 3.32566 0.680851 0.125 0.75 -0.784752 0.61981 -0
-1.17021 6.12766 0.680851 0.125 0.75 -0.784752 0.61981 -0
-1.17021 6.12766 -1.53191 0.375 0.75 -0.784752 0.61981 -0
-3.38328 1.72186 0.680851 0.125 0.815433 0 0 1
-1.17021 4.52386 0.680851 0.125 0.815433 0 0 1
-1.17021 6.12766 0.680851 0.125 0.75 0 0 1
1.69226 6.12766 -1.1125 0.625 0.75 0 1 0
2.3617 6.12766 -1.53191 0.625 0.75 0 1 0
-1.17021 6.12766 -1.53191 0.375 0.75 0 1 0
1.69226 6.12766 0.261438 0.625 0.5 0 1 -0
2.3617 6.12766 0.680851 0.625 0.5 0 1 -0
2.3617 6.12766 -1.53191 0.625 0.75 0 1 -0
-0.500765 6.12766 0.261438 0.375 0.5 0 1 -0
-1.17021 6.12766 0.680851 0.375 0.5 0 1 -0
2.3617 6.12766 0.680851 0.625 0.5 0 1 -0
-0.500765 6.12766 -1.1125 0.375 0.75 0 1 -0
-1.17021 6.12766 -1.53191 0.375 0.75 0 1 -0
-1.17021 6.12766 0.680851 0.375 0.5 0 1 -0
1.69226 8.24816 -1.1125 0.625 0.75 0 0 -1
1.69226 6.12766 -1.1125 0.625 0.75 0 0 -1
-0.500765 6.12766 -1.1125 0.375 0.75 0 0 -1
1.69226 8.24816 0.261438 0.625 0.5 1 0 -0
1.69226 6.12766 0.261438 0.625 0.5 1 0 -0
1.69226 6.12766 -1.1125 0.625 0.75 1 0 -0
-0.500765 8.24816 0.261438 0.375 0.5 0 0 1
-0.500765 6.12766 0.261438 0.375 0.5 0 0 1
1.69226 6.12766 0.261438 0.625 0.5 0 0 1
-0.500765 8.24816 -1.1125 0.375 0.75 -1 0 -0
-0.500765 6.12766 -1.1125 0.375 0.75 -1 0 -0
-0.500765 6.12766 0.261438 0.375 0.5 -1 0 -0
